44675	10041349
40103	10000125
41585	10016322
41834	10019211
46301	10061920
41783	10019133
41184	10016322
45250	10047700
45856	10048010
45048	10044565
40652	10011469
41451	10016256
41154	10022437
43508	10016322
44474	10040984
46293	10016322
45308	10047899
43391	10022437
43235	10022437
41072	10013911
44007	10028813
44370	10037844
43090	10022437
44988	10044565
42748	10022437
44923	10041349
41655	10016330
40334	10002855
44350	10037844
42845	10022437
43981	10029148
41566	10016322
42493	10006514
44303	10037211
41827	10019211
43342	10022437
41669	10016334
44113	10033371
44336	10016338
42497	10021030
44434	10039906
46039	10016256
43414	10022437
45500	10047899
45160	10044565
40193	10000125
40757	10012735
46148	10044565
43663	10025482
44209	10033775
45327	10047899
43044	10022437
42783	10022437
42276	10020765
45931	10048010
40017	10033371
41576	10016322
43214	10022437
42778	10022437
43726	10041349
44847	10042458
40372	10002855
41142	10015090
45379	10047899
40772	10013457
44170	10033371
41949	10019211
42868	10022437
45461	10047899
44545	10016322
46130	10061428
42662	10022437
42631	10022437
46187	10061428
42034	10020466
42871	10022437
41552	10016322
46212	10061428
42285	10020765
45572	10048010
46107	10052804
46276	10061920
40151	10000125
42889	10022437
44500	10040984
43193	10022437
41028	10013781
45018	10044565
45954	10048010
46138	10064805
40374	10002855
40025	10033371
44757	10041349
41477	10016322
44839	10042458
40140	10000125
43854	10028596
44741	10041349
43644	10025482
44280	10037211
41626	10016322
44877	10022998
43736	10027599
40351	10002855
45387	10047899
44903	10016256
44499	10022437
46193	10061428
43267	10022437
40540	10010071
42339	10020765
45045	10044565
44787	10041349
42261	10020765
44885	10053615
45529	10048010
41339	10016256
45305	10047895
44201	10033775
41713	10022437
43857	10028596
42069	10020642
43937	10028813
40363	10002855
46020	10048232
46157	10021654
43740	10027599
40048	10000125
46324	10020765
45793	10048010
44761	10041349
44050	10033371
40489	10006514
46330	10062519
44518	10041002
41499	10016322
42898	10022437
40816	10013573
40352	10002855
43340	10022437
45903	10048010
42573	10022437
45314	10047895
40433	10003549
40047	10000125
43671	10025482
40475	10061428
43855	10028596
45424	10047899
43982	10061598
43928	10028813
43194	10022437
43758	10027599
42016	10020466
42929	10022437
42227	10020751
44455	10040477
41043	10013781
45717	10048010
44983	10033371
42416	10020765
45934	10048010
42607	10022437
42215	10020751
44552	10041349
41418	10016256
40951	10013663
45901	10048010
46279	10061920
44950	10016322
40921	10013663
43137	10022437
44764	10041349
41773	10019133
43240	10022437
41445	10016256
45165	10044565
40459	10004716
46244	10061428
43016	10022437
40211	10000496
43838	10028411
45683	10048010
44497	10040984
42973	10022437
41505	10016322
42187	10020751
42375	10020765
41774	10019133
44516	10041002
45939	10048010
42608	10022437
44174	10033557
43556	10025482
40062	10000125
41413	10016256
41204	10016256
41763	10002368
43728	10022437
40730	10012378
44460	10040753
45559	10048010
41193	10025482
43604	10025482
40859	10013573
45682	10048010
41491	10016322
42171	10020751
44647	10041349
45835	10048010
41433	10016256
41373	10016256
40275	10002368
41045	10013781
44569	10041349
43283	10022437
40560	10010305
42277	10020765
46078	10013573
40707	10012378
46229	10061428
44224	10033864
44029	10029412
42819	10022437
41570	10016322
43290	10022437
44567	10041349
45264	10028813
45622	10048010
46364	10067484
43196	10022437
44682	10041349
40841	10013573
43169	10022437
41217	10016256
45325	10047899
41780	10019133
43906	10028813
43428	10022998
40599	10011469
46392	10067484
40152	10000125
45863	10048010
42035	10020466
42904	10022437
40246	10001540
40674	10012174
44145	10033557
43709	10027175
42234	10022437
44432	10039906
45499	10047899
42945	10022437
44009	10029412
44305	10037211
42832	10022437
41368	10016256
40229	10001497
45356	10047899
45726	10048010
40088	10000125
42272	10020765
44669	10041349
46237	10061428
43880	10028813
40965	10022437
41402	10016256
40502	10006514
45940	10048010
40554	10010305
43098	10022437
41728	10046543
46008	10048010
44653	10022437
42830	10022437
45667	10048010
45017	10044565
43481	10024264
42596	10022437
43932	10028813
43534	10016322
42270	10020765
41976	10020466
44218	10033775
41174	10016322
43238	10022437
46015	10048232
44450	10040477
43134	10022437
45600	10048010
42873	10022437
40832	10013573
45649	10048010
45219	10047700
45228	10047700
43046	10022437
43166	10022437
44147	10033557
43260	10020765
45789	10048010
43244	10022437
42710	10022437
41315	10016256
42063	10020642
43294	10022437
45891	10048010
41319	10016256
45199	10047513
45147	10044565
44112	10033371
45648	10048010
40618	10011469
44421	10039897
41717	10061428
44794	10041349
44123	10033371
43208	10022437
45802	10048010
42743	10022437
43700	10026749
43178	10022437
45644	10048010
45406	10047899
45355	10047899
42925	10022437
43489	10022437
43999	10020642
43360	10022437
41420	10016256
40350	10002855
43721	10041349
40267	10002368
41424	10016256
40901	10013663
45871	10048010
44325	10037660
45156	10044565
43357	10022437
43121	10022437
44726	10041349
41017	10013781
46340	10047895
41937	10019211
41795	10019133
46115	10013663
41927	10019211
45378	10047899
40173	10000125
43089	10022437
45268	10022437
45257	10047700
45674	10048010
41326	10016256
42565	10022437
45193	10047340
46081	10061428
40737	10012378
41643	10016322
41624	10016322
43843	10028596
40933	10013663
40548	10010071
40536	10009866
44509	10040984
45084	10044565
42914	10022437
45131	10044565
44585	10041349
42883	10022437
45388	10047899
46104	10052804
45123	10044565
40892	10013663
46083	10052251
41838	10019211
41261	10016256
42902	10022437
40704	10012378
42993	10022437
43430	10022998
42381	10020765
45358	10047899
44357	10037844
46097	10052804
42097	10020642
46269	10061428
44713	10041349
41281	10016256
45351	10047899
43032	10022437
42527	10022078
44065	10033371
41158	10016322
40497	10006514
42999	10022437
41730	10017577
43503	10024796
44797	10041349
45364	10047899
41442	10016256
44321	10037211
41908	10019211
43665	10025482
45269	10047895
40113	10000125
42417	10022437
42541	10022437
45024	10044565
41479	10016322
40326	10002855
42598	10022437
44582	10041349
41554	10016322
43410	10022437
44896	10042674
41198	10016256
42451	10020937
41041	10013781
45163	10044565
43100	10022437
45943	10048010
44032	10029412
40660	10011469
45034	10044565
40338	10002855
44105	10033371
45338	10047899
45209	10028641
46270	10061461
43988	10033371
46043	10033371
40451	10003988
44704	10067484
41945	10019211
42005	10020466
44013	10029412
43070	10022437
45820	10048010
41851	10019211
41066	10013911
41492	10016322
45372	10047899
41789	10019133
45521	10048010
44379	10037844
46382	10067484
45823	10048010
41148	10015137
42405	10020765
40642	10011469
42019	10020466
45691	10048010
40881	10013573
45639	10048010
45061	10044565
41245	10016256
41939	10019211
42289	10020765
44717	10041349
42571	10022437
43359	10022437
40137	10000125
42061	10020642
44149	10019303
42510	10021654
44485	10040984
43704	10026749
42266	10020765
40638	10011469
43358	10022437
46129	10055798
45861	10048010
45266	10047895
42531	10022086
41235	10016256
41705	10016338
43478	10024264
41546	10016322
40668	10020765
41353	10016256
45112	10044565
41114	10022437
44110	10033371
44768	10041349
40649	10011469
40154	10000125
44773	10041349
41139	10061598
46005	10048010
45603	10048010
46316	10022437
42950	10022437
45964	10048010
42242	10022437
44868	10042458
41293	10016256
45261	10047700
44770	10041349
40313	10022437
43650	10025482
41105	10013968
40804	10013573
40902	10013663
42244	10020765
45287	10047895
40952	10016256
43347	10022437
46211	10061428
43443	10022998
45971	10048010
44796	10041349
45870	10048010
45009	10044565
44206	10033775
42686	10022437
40465	10047895
43895	10028813
44414	10039897
41104	10013968
43138	10022437
43352	10022437
40201	10000125
40195	10000125
46201	10061428
43392	10022437
44758	10041349
41485	10016322
41841	10019211
46099	10052804
45168	10033371
40488	10006514
42812	10022437
43280	10022437
45008	10044565
42473	10020937
41893	10019211
41762	10061920
43685	10025482
41283	10016256
46303	10016322
44507	10040984
46160	10021654
43994	10020642
42724	10041349
45794	10048010
44387	10055798
42782	10022437
41396	10016256
40336	10002855
42611	10022437
44248	10037087
43719	10027374
43638	10025482
44056	10033371
41254	10016256
42714	10022437
40469	10005734
41996	10020466
46304	10061920
42777	10022437
45900	10048010
42665	10022437
40959	10013709
46228	10061428
40001	10000059
45077	10044565
42785	10022437
40415	10003402
40753	10012601
42239	10020765
44202	10033775
45449	10047899
42471	10020937
41726	10022086
46312	10061598
44964	10043458
44229	10016326
45750	10048010
43066	10022437
41938	10019211
40720	10012378
41056	10013911
42558	10022437
42853	10022437
40038	10000087
44931	10000125
45241	10047700
43415	10022437
45860	10048010
42141	10020642
40087	10000125
44383	10022437
44060	10033371
40188	10000125
41081	10013946
40034	10000087
42632	10022437
44945	10043431
44845	10042458
43803	10028334
42719	10022437
46322	10058920
45755	10048010
41634	10016322
43587	10025482
46110	10052904
44578	10041349
42327	10020765
43051	10022437
42298	10020765
44624	10041349
43823	10028347
42742	10022437
42919	10022437
41935	10019211
42407	10020765
45152	10044565
41340	10016256
42566	10022437
45225	10047700
40200	10000125
44612	10000125
45155	10044565
41934	10019211
43883	10028813
43073	10022437
45240	10041349
42002	10020466
45525	10048010
41431	10016256
42657	10022437
46299	10061920
41381	10016256
44591	10041349
44003	10029412
41825	10019211
45328	10047899
41252	10016256
41211	10016256
46222	10061428
41548	10016322
45146	10044565
41275	10016256
42901	10022437
43682	10025482
43170	10022437
45339	10047899
44375	10037844
40698	10012378
45145	10044565
41238	10016256
40506	10022437
45595	10048010
44635	10041349
42583	10022437
42111	10020642
45262	10047700
42313	10020765
40561	10010305
42630	10022437
43562	10025482
45488	10047899
45522	10048010
41498	10016322
43139	10022437
45027	10044565
42251	10022437
42601	10022437
42352	10020765
40281	10002368
42119	10020642
44489	10020765
42506	10021654
44932	10043248
45535	10048010
44346	10037844
42921	10022437
41755	10022437
44075	10033371
40119	10027175
46220	10061428
43873	10028813
40181	10000125
41759	10022437
40639	10016322
46077	10015150
43789	10014551
43197	10022437
40713	10012378
45578	10048010
41212	10016256
44600	10041349
41064	10013911
44989	10038743
42581	10022437
43131	10022437
40543	10010071
41978	10020466
41467	10016322
42680	10022437
44380	10037844
41359	10016256
44097	10033371
45177	10046735
45494	10047899
43210	10022437
41558	10016322
44676	10041349
40537	10010071
42422	10020765
41272	10016256
43765	10061920
41200	10016256
44701	10041349
40843	10013573
45792	10048010
42485	10020937
42685	10022437
45928	10048010
42502	10043087
42387	10020765
43790	10055798
43710	10027175
44631	10041349
45764	10048010
43462	10022998
42918	10022437
41704	10016338
43821	10028347
40594	10011469
40800	10013573
42844	10022437
40847	10013573
40973	10016322
45615	10048010
43230	10022437
41629	10016322
45475	10047899
44538	10041349
40603	10011469
44198	10047700
44780	10041349
43818	10028347
45562	10048010
46366	10067484
42968	10022437
45567	10048010
43292	10022437
41741	10019063
41083	10013946
40053	10000125
40080	10000125
41305	10016256
45411	10047899
41325	10016256
46249	10061428
45715	10048010
42235	10020765
41627	10016322
44136	10033557
41286	10016256
44730	10041349
45201	10047513
45657	10048010
43279	10022437
42753	10022437
44109	10033371
45132	10044565
41102	10013946
42252	10022437
45188	10047340
41489	10016322
44420	10039897
42098	10020642
44856	10042458
42151	10020651
43863	10039101
44142	10033557
40945	10013663
45677	10048010
43952	10028813
43592	10025482
46108	10028836
41510	10016322
44062	10033371
42957	10022437
45515	10047899
46274	10052804
41071	10013911
40647	10011469
44859	10042458
42610	10041349
46178	10021654
40602	10011469
41875	10019211
43288	10020765
45637	10048010
42024	10020466
41300	10016256
43949	10028813
46283	10061920
41144	10015090
45959	10048010
41257	10016256
45224	10047700
46036	10048010
45955	10048010
43608	10025482
42865	10022437
40208	10000496
45917	10048010
40925	10013663
40186	10000125
44626	10041349
44871	10042458
41816	10041349
41663	10016330
43864	10033371
45570	10048010
43959	10028813
43806	10028334
41222	10016256
42131	10020642
42846	10022437
43341	10022437
42267	10020765
45317	10047899
41459	10016256
41905	10019211
40203	10000269
42190	10020751
45474	10047899
44241	10016256
42382	10020765
43766	10014551
41860	10019211
45279	10047895
41509	10013573
41616	10016322
42755	10022437
40609	10011469
44598	10041349
42522	10022004
41169	10015535
44792	10041349
41047	10013781
45377	10047899
41930	10019211
45625	10048010
40723	10012378
46371	10067484
40477	10013911
41991	10020466
44572	10041349
44362	10037844
40621	10011469
44693	10022437
43394	10022437
46393	10067484
42160	10020751
43013	10022437
40552	10010071
44522	10041052
44301	10037211
44286	10037211
44893	10042674
44515	10041002
44126	10033371
43295	10022437
44580	10041349
43667	10025482
44074	10033371
43251	10022437
44128	10048959
45249	10047700
44059	10022437
40332	10002855
45786	10048010
44788	10041349
45432	10047899
40986	10013709
46029	10041349
40393	10003239
41441	10016256
44427	10039906
45205	10016322
41428	10016256
42248	10022437
42027	10020466
40133	10041010
45403	10047899
45541	10048010
45803	10048010
43148	10022437
43812	10028347
40764	10013036
44584	10041349
41985	10020466
44910	10042945
43716	10043255
44308	10037211
42939	10022437
45272	10047895
44367	10037844
41517	10016322
44540	10033775
41845	10019211
40920	10013663
45051	10044565
42774	10022437
40259	10026749
45294	10047895
41044	10013781
45187	10047340
44942	10022437
42095	10020642
44823	10042209
43810	10028347
44815	10042033
40634	10011469
44621	10041349
41592	10016322
42166	10020751
44628	10013573
45872	10048010
42306	10020765
40934	10013663
46022	10048232
43801	10028334
46352	10067125
46294	10061920
44718	10041349
44204	10033775
45366	10047899
43246	10020765
43660	10025482
40121	10000125
44921	10013709
41725	10016825
42400	10020765
43411	10022437
42562	10022437
40993	10013709
42259	10020765
43557	10025482
42110	10020642
41187	10053615
45984	10048010
40583	10011469
46198	10061428
43718	10033775
43888	10028813
45692	10048010
40382	10020765
43255	10020765
45593	10048010
43580	10025482
43369	10022437
45426	10047899
46140	10058920
46167	10061428
44711	10041349
40872	10013573
46136	10001497
44255	10037087
41347	10016256
40849	10013573
42727	10022437
44812	10050012
44103	10033371
46121	10003402
41210	10016256
46351	10067125
40919	10013663
42000	10020466
42579	10022437
45020	10044565
46348	10066371
42355	10020765
45623	10048010
40929	10013663
42653	10022437
44995	10044565
40205	10000496
40978	10043087
45702	10048010
41013	10013781
43313	10022437
43233	10022437
44699	10041349
45710	10048010
43271	10022437
43894	10028813
40802	10013573
42363	10020765
44244	10037087
43848	10028596
45769	10048010
45197	10047513
42869	10022437
40854	10013573
40828	10013573
44168	10033557
41248	10016256
40556	10010305
45577	10048010
44727	10041349
40750	10012378
40458	10061428
45410	10047899
42525	10016825
46197	10061428
43954	10028813
42100	10020642
40968	10013709
40893	10013663
43469	10003239
42336	10041349
41769	10019133
42856	10022437
43272	10022437
45942	10048010
45223	10047700
42152	10020651
40709	10012378
42824	10022437
40835	10013573
40240	10022437
42318	10020765
41427	10016256
42656	10022437
45966	10048010
40216	10001488
44369	10037844
43579	10025482
43759	10027599
42301	10020765
45148	10033371
41188	10016173
44633	10041349
45382	10047899
40844	10013573
44601	10041349
40743	10012378
40994	10013709
43693	10026749
41874	10019211
41855	10019211
42013	10020466
43844	10028596
43150	10022437
42312	10020765
44707	10041349
43940	10028813
41831	10019211
41192	10047899
42174	10020751
44827	10042264
40658	10011469
41002	10013753
41290	10016256
43491	10024419
44378	10037844
45777	10048010
44912	10043071
42314	10020765
41881	10019211
41890	10019211
44904	10042772
44498	10040984
43211	10022437
42619	10022437
43783	10027951
44315	10037211
42193	10020751
43796	10028334
42943	10022437
43164	10022437
41179	10016322
42834	10041349
44826	10042209
45563	10048010
44853	10042458
40202	10000125
40593	10011469
41781	10019133
42540	10022437
40141	10000125
46331	10062519
45200	10047513
44238	10034972
41654	10016326
42128	10020642
40970	10013709
40086	10000125
42981	10022437
40485	10006514
40033	10000087
40527	10037087
43372	10022437
45284	10061428
43041	10022437
46335	10022437
42256	10020765
44517	10041002
45797	10048010
42370	10020765
42963	10022437
45106	10044565
45035	10044565
43628	10025482
43892	10028813
45673	10048010
46394	10033371
46386	10067484
41729	10017533
45665	10048010
41806	10019133
44658	10041349
44715	10041349
45173	10046735
44531	10022437
42104	10020642
42401	10020765
40596	10011469
44972	10010071
43975	10028813
45688	10048010
42660	10022437
40270	10002368
46398	10016322
43049	10022437
42849	10062519
44754	10041349
43045	10022437
43787	10027951
43917	10028813
41209	10016256
40495	10006514
42776	10022437
43106	10022437
42891	10022437
42361	10020765
42529	10055798
41159	10016322
42238	10022437
42479	10020937
40927	10013663
42674	10022437
43492	10033371
43834	10028391
41260	10016256
43184	10022437
44186	10033664
42751	10022437
41219	10016256
44824	10042209
41032	10013781
44705	10041349
44025	10029412
42081	10020642
44986	10044565
46358	10067484
42692	10022437
42388	10020765
45707	10048010
43305	10022437
41691	10016338
40199	10000125
42253	10022437
45265	10061598
42423	10020765
42772	10022437
45254	10047700
46112	10053615
40487	10006514
43829	10028347
44587	10041349
44848	10042458
42178	10020751
42047	10020642
46093	10052804
42947	10022437
45036	10044565
44610	10020765
45868	10048010
44643	10041349
41291	10016256
43811	10028347
45875	10048010
41054	10013911
46166	10061428
40247	10001540
44579	10041349
43181	10022437
42640	10022437
40666	10012110
42763	10022437
42934	10022437
44686	10016256
41392	10016256
45897	10048010
41959	10019303
46165	10061428
45941	10048010
43566	10025482
41760	10019303
42294	10020765
44464	10040914
44044	10029898
41944	10019211
42233	10020765
45242	10047700
43035	10022437
45260	10047700
40796	10013573
40856	10013573
40446	10003988
40371	10002855
42189	10020751
45685	10048010
41633	10016322
44101	10033371
45144	10044565
41292	10016256
43995	10020642
40404	10003239
44689	10022437
44210	10022437
40681	10012374
44343	10037844
44918	10022437
44423	10039897
45920	10048010
40783	10013573
45681	10048010
45721	10048010
40167	10000125
46300	10061920
42731	10022437
40035	10000087
40807	10013573
45877	10048010
44943	10061920
41295	10016256
41941	10019211
41342	10016256
43135	10022437
42703	10022437
46126	10055798
40878	10013573
46161	10061428
45834	10048010
40494	10006514
44465	10040914
42316	10020765
45055	10044565
43442	10022998
45626	10048010
44262	10037087
42937	10022437
43206	10022437
45923	10048010
43474	10024264
40636	10011469
46311	10062016
43785	10027951
43386	10022437
40285	10002368
45195	10029216
41157	10061428
45799	10048010
41170	10015535
40897	10013663
42563	10022437
42263	10020765
46105	10052804
45760	10048010
43231	10020765
41282	10016256
46362	10067484
46200	10061428
42031	10020466
41249	10016256
41229	10016256
43659	10025482
42202	10020751
40312	10011469
44376	10037844
43877	10028813
45251	10047700
42678	10022437
41617	10016322
44804	10041349
43946	10028813
40937	10013663
42495	10021030
46290	10061920
44445	10040108
41868	10019211
46087	10043087
42550	10022437
44898	10042674
43670	10025482
44926	10013709
40414	10003402
43967	10028813
40616	10011469
43191	10022437
44841	10042458
42074	10020642
43627	10025482
43916	10028813
46314	10061598
40983	10013709
40863	10013573
44092	10033371
41225	10016256
40357	10002855
45882	10048010
43003	10022437
45320	10047899
42697	10022437
44982	10006514
46046	10042674
46076	10022086
41014	10013781
40324	10002855
41244	10016256
44348	10037844
45395	10047899
44692	10041349
44537	10022437
44231	10061428
43847	10028596
44153	10033557
43865	10047700
43998	10020642
44371	10037844
40955	10033371
46334	10027374
45172	10046571
43158	10022437
46124	10055798
45481	10047899
42148	10020651
43157	10022437
41122	10014551
45073	10044565
42246	10020765
44508	10022437
41896	10019211
40818	10013573
44283	10037211
41458	10016256
40501	10006514
45324	10047899
42880	10022437
40712	10012378
43797	10028334
44071	10033371
42600	10022437
42368	10020765
41386	10016256
43544	10025482
44742	10041349
42690	10022437
46173	10061428
44813	10020466
41587	10016322
44232	10034719
44079	10033371
42054	10020642
41972	10061428
44889	10042674
41220	10016256
43082	10022437
43424	10022437
46074	10050584
40110	10000125
41862	10019211
45004	10044565
45961	10048010
46085	10040753
45304	10047895
40166	10000125
43798	10028334
43889	10028813
40623	10011469
45245	10047700
40239	10001497
41639	10016322
40136	10000125
41216	10016256
44901	10042772
41194	10022437
41608	10016322
44846	10042458
45664	10048010
41836	10019211
45701	10048010
40054	10000125
44129	10033425
40466	10024421
44648	10041349
45115	10044565
46082	10047513
42818	10022437
42551	10022437
46295	10016322
42938	10022437
40041	10000125
44396	10038743
45672	10048010
42603	10022437
42491	10020937
43099	10022437
41659	10016322
42490	10020937
40204	10000269
42874	10022437
41822	10019211
44523	10041052
41341	10016256
42173	10020751
44208	10033775
42200	10020751
43839	10028521
40084	10000125
44088	10033371
44781	10041349
41482	10033775
44335	10037660
40686	10012378
45025	10044565
41982	10020466
44087	10033371
43088	10022437
40975	10013709
40023	10000087
46045	10042674
41824	10019211
40145	10000125
41166	10015535
40659	10041349
46002	10048010
40498	10006514
44446	10061461
44670	10041349
45736	10048010
45491	10047899
44160	10033557
43480	10024264
41513	10016322
45236	10047700
40564	10022437
43698	10026749
41740	10019063
45564	10048010
46170	10061428
45783	10048010
41007	10013781
40855	10013573
46246	10061428
43907	10028813
40272	10002368
45345	10047899
44973	10010071
45828	10048010
42683	10022437
41457	10016256
45396	10047899
40168	10000125
41749	10019063
42576	10022437
42547	10022437
42099	10020642
44094	10033371
44406	10013573
42146	10020651
46182	10061428
45650	10048010
46410	10037087
41980	10020466
44253	10037087
46373	10067484
44574	10041349
40230	10001497
46256	10061428
42158	10020751
42512	10021654
46227	10021654
43486	10024870
44395	10038743
40254	10001760
42976	10022437
46241	10061428
42677	10022437
41421	10016256
45244	10047700
41630	10016322
41297	10016256
40108	10000125
45542	10013709
43761	10027599
40524	10008479
41727	10033371
40700	10012378
40619	10011469
43737	10027599
46042	10033371
45102	10044565
40430	10003549
41528	10016322
46179	10061428
44055	10033371
42209	10020751
45780	10048010
40449	10003988
40608	10011469
45973	10048010
45344	10047899
42711	10022437
45914	10048010
44211	10033775
42480	10020937
43500	10013781
41138	10061598
43058	10022437
42071	10020642
40276	10002368
44011	10029412
44805	10041349
45531	10048010
43635	10025482
40718	10012378
45285	10047895
41168	10015535
45878	10048010
40799	10013573
41757	10019063
41823	10019211
42626	10022437
40066	10000125
40003	10000059
42444	10020765
42389	10020765
44747	10041349
46397	10072005
46266	10061428
43479	10024264
43064	10022437
41899	10019211
45629	10048010
45808	10048010
41906	10019211
42425	10020765
44960	10043458
42428	10020765
40690	10012378
40988	10016322
42749	10022437
45239	10047700
41751	10019063
44222	10033775
45840	10048010
41675	10016338
42857	10022437
42345	10020765
41785	10019133
42376	10022437
41259	10016256
41712	10016338
40421	10003402
43699	10026749
45747	10048010
42602	10022437
45258	10047700
42217	10020751
45277	10047895
41950	10019211
45227	10047700
40055	10000125
43011	10022437
43678	10025482
42698	10022437
45948	10048010
43217	10022437
42617	10022437
44368	10037844
41671	10016338
41233	10016256
40550	10010071
41909	10019211
43101	10022437
45767	10048010
42758	10022437
45465	10047899
44482	10020765
42039	10020466
41063	10013911
42454	10020937
42900	10022437
43108	10022437
44046	10000087
46072	10050584
41995	10020466
41999	10020466
46175	10022437
43502	10020937
40454	10048010
45576	10048010
42481	10016322
41618	10016322
43548	10025482
40584	10011469
42872	10022437
40831	10013573
42816	10022437
41766	10022998
43652	10025482
45113	10044565
44016	10029412
40399	10003239
42323	10020765
43484	10024419
40820	10013573
45105	10044565
45166	10045178
44811	10027175
41435	10016256
46368	10067484
45194	10047340
42260	10020765
43936	10028813
45846	10048010
44535	10041349
44438	10039906
43897	10028813
44085	10053615
41563	10016322
43841	10047899
45740	10048010
44454	10040477
43079	10022437
40219	10001488
41545	10016322
42797	10022437
40839	10013573
41178	10016322
45346	10047899
40126	10000125
41308	10016256
42198	10020751
42646	10022437
41033	10013781
44573	10041349
43826	10028347
41964	10019303
40365	10002855
43293	10022437
45608	10048010
43918	10028813
40182	10000125
42828	10022437
40785	10013573
44544	10041349
42507	10021654
44041	10029898
43027	10022437
43574	10025482
41356	10016256
41738	10061920
40665	10041349
46144	10058920
40731	10012378
45912	10048010
40762	10012735
40050	10000125
45916	10048010
41715	10049119
44481	10040984
40164	10000125
43630	10025482
41573	10016322
45080	10044565
40396	10003239
45463	10047899
46068	10016256
41598	10016322
40777	10013496
44089	10033371
40072	10000125
43977	10028836
43400	10022437
44385	10022437
42681	10022437
45913	10048010
43792	10028334
41128	10014551
46208	10061428
42895	10022437
45307	10047895
40401	10003239
41349	10016256
44320	10037211
44252	10037087
43265	10022437
46177	10061428
40585	10011469
42154	10020651
40870	10013573
46261	10061428
40165	10000125
45340	10047899
44917	10022437
44108	10033371
42225	10020751
44425	10039906
41438	10016256
42569	10022437
41872	10019211
43912	10028813
46024	10048232
40148	10000125
40364	10002855
44412	10041349
40129	10000125
43782	10027951
42369	10020765
45350	10047899
41475	10020937
42409	10020765
45848	10048010
43185	10022437
43827	10028347
43875	10028813
42860	10022437
41612	10016322
43939	10028813
43384	10022437
40069	10000125
40042	10000125
43239	10022437
40309	10002368
41278	10016256
41925	10019211
40558	10010305
41089	10013946
44604	10041349
41360	10016256
45270	10047895
42888	10061428
40726	10012378
40439	10003988
40773	10013457
45996	10048010
43771	10027951
43675	10025482
45653	10048010
40615	10011469
44774	10041349
41591	10016322
40542	10010071
46206	10061428
40327	10002855
42933	10022437
45679	10048010
45921	10048010
43473	10003239
40678	10012374
44282	10037211
41530	10016322
46355	10067484
44329	10037660
44424	10039906
44233	10022437
43567	10025482
44642	10041349
40976	10013709
40107	10000125
45729	10048010
42009	10020466
40457	10061428
46306	10061920
41454	10016256
41490	10016322
45979	10048010
43581	10025482
46019	10048232
41544	10016322
44672	10061428
46232	10061428
46338	10022437
43241	10020765
40671	10012174
40735	10012378
41852	10019211
43553	10025482
45646	10048010
44365	10037844
43886	10028813
40370	10002855
40824	10013573
43387	10022437
40258	10001949
40146	10000125
40289	10002368
42676	10022437
40284	10002368
41461	10048779
46060	10049119
45695	10048010
40180	10000125
45962	10048010
44133	10033557
41112	10033371
42946	10022437
43405	10020765
42826	10022437
44278	10037211
45697	10048010
41961	10019303
43908	10028813
42913	10022437
45851	10048010
41439	10016256
40669	10028813
43005	10022437
42044	10022437
43852	10028596
44156	10033557
43485	10024419
41579	10016322
42447	10047899
40463	10028347
40142	10000125
44411	10016322
43745	10027599
40760	10012735
41681	10016338
41734	10017944
40922	10013663
45078	10044565
44840	10042458
42737	10022437
44673	10020765
45470	10047899
44890	10042674
41885	10019211
44191	10033664
43795	10028334
40586	10011469
45624	10048010
43882	10028813
43059	10022437
40006	10000059
40074	10000125
43105	10022437
44188	10033664
43499	10000059
41515	10016322
40065	10000125
42707	10022437
44275	10037211
45368	10047899
44166	10033557
42813	10022437
45502	10047899
45108	10044565
43589	10025482
43366	10022437
40864	10013573
44486	10022437
42257	10020765
41480	10016322
43683	10025482
43642	10025482
45153	10044565
41646	10016322
44697	10041349
42995	10022437
40120	10000125
44760	10041349
42952	10022437
44397	10016256
42022	10020466
44941	10016256
41324	10016256
45380	10047899
42885	10022437
40043	10000125
46147	10058920
40591	10011469
43813	10028347
45075	10044565
45818	10048010
43538	10025482
45858	10048010
41784	10019133
40617	10011469
46122	10054964
45235	10047700
41977	10020466
43189	10022437
41327	10016256
44390	10038743
44586	10041349
46100	10052804
45606	10048010
45438	10047899
46034	10041349
41365	10016256
45436	10047895
42476	10020937
40572	10011224
41087	10013946
44456	10022437
44589	10041349
43475	10024264
42155	10020751
45216	10016322
42265	10020765
43814	10028347
40075	10000125
40115	10000125
40661	10011469
42684	10022437
46033	10048779
45874	10048010
40412	10003246
44182	10033664
41683	10016338
45247	10047700
42594	10022437
43757	10027599
45898	10048010
41377	10016256
41557	10016322
45175	10046735
43725	10022437
45505	10047899
42308	10020765
43980	10047899
40291	10002368
44093	10033371
42292	10020765
43176	10022437
41638	10016322
46379	10067484
46224	10061428
45486	10047899
45938	10048010
40273	10002368
45549	10048010
44981	10043882
43560	10025482
43794	10028334
45997	10048010
43071	10022437
45911	10048010
41910	10019211
44654	10022437
45210	10047531
44493	10020765
40754	10002942
41239	10016256
45458	10047899
45044	10044565
46027	10002368
46119	10054964
45513	10047899
42199	10020751
44951	10043458
46109	10052904
44184	10033664
45433	10047899
45303	10047895
42977	10022437
44289	10037211
43323	10022437
41756	10019063
43616	10025482
40895	10013663
44775	10041349
44793	10041349
45527	10048010
40310	10002368
44907	10042945
42766	10022437
40853	10013573
43824	10028347
41670	10016338
42068	10020642
42424	10020765
42286	10020765
45958	10048010
45763	10048010
40007	10000059
45231	10047700
41527	10016322
44197	10033670
45198	10047513
44040	10047513
43711	10027175
41828	10019211
42430	10020765
44106	10033371
44391	10038743
44690	10022437
43921	10028813
43102	10022437
41983	10020466
44453	10040477
44069	10033371
42437	10020765
42129	10020642
45796	10048010
43122	10022437
41818	10019211
43645	10025482
41657	10016330
43460	10022998
42307	10020765
40806	10013573
40408	10003239
42250	10016256
42726	10022437
41880	10019211
41350	10016256
43201	10022437
42882	10022437
42366	10020765
42687	10022437
45662	10048010
42157	10020751
41008	10013781
43031	10022437
40185	10000125
42364	10022437
43874	10028813
45343	10047899
44990	10044565
41876	10019211
41029	10013781
45189	10047340
43692	10026749
44975	10043882
41312	10016256
41247	10016256
42799	10022437
40222	10001488
41053	10003402
42906	10022437
43919	10028813
46095	10052804
40732	10012378
40262	10002368
42135	10020642
46277	10061920
44939	10043255
42026	10020466
41394	10016256
42115	10020642
41230	10016256
44779	10041349
40706	10012378
42604	10022437
41656	10016330
44949	10043458
42793	10022437
43966	10028813
46159	10061428
45015	10044565
45611	10048010
46188	10061428
42092	10020642
45839	10048010
43997	10020642
42521	10022000
40426	10003549
42354	10020765
40923	10013663
44767	10041349
43850	10028596
43531	10025482
40705	10012378
40578	10011469
40589	10011469
43600	10025482
43498	10013781
44696	10041349
42344	10020765
42214	10020751
43132	10022437
42503	10043087
40296	10002368
42926	10022437
44637	10041349
45883	10048010
41581	10016322
45519	10047924
42733	10022437
42534	10033371
40997	10013709
40360	10002855
41234	10016256
45504	10047899
44317	10037211
40112	10000125
43968	10028813
40155	10000125
40039	10000125
41357	10016256
43216	10041349
44665	10016256
45385	10047899
40067	10000125
45553	10048010
40744	10012378
46367	10067484
43269	10022437
45274	10047895
43533	10025482
46091	10052804
44100	10033371
43614	10025482
41625	10016322
44927	10013709
45602	10048010
44965	10013709
44879	10042458
42065	10020642
40860	10013573
43020	10022437
45805	10048010
43618	10025482
43374	10022437
42205	10020751
44358	10037844
41096	10013946
41460	10016322
40794	10013573
46205	10061428
44213	10033775
44270	10037087
40694	10012378
41746	10019063
45501	10047899
45658	10048010
44645	10041349
41077	10013911
40221	10001488
42586	10022437
41743	10019063
46356	10067484
44435	10039906
42398	10020765
40290	10002368
43220	10022437
44607	10021654
40981	10013709
41833	10019211
44246	10037087
40982	10043087
43381	10022437
43673	10025482
43507	10024796
46405	10013573
45253	10016256
45569	10048010
40829	10013573
44226	10033864
42951	10022437
41943	10019211
45813	10048010
44257	10037087
46031	10020765
43741	10027599
40809	10013573
41891	10019211
46292	10061920
42379	10041349
45732	10048010
40595	10011469
41146	10015137
44473	10040984
42668	10022437
44167	10033557
41998	10020466
40635	10011469
41176	10006784
41126	10014551
44834	10042458
42280	10020765
40356	10002855
43702	10026749
40581	10011469
41265	10016256
45596	10048010
42944	10022437
40471	10001598
40587	10011469
42341	10020765
46079	10013573
45807	10048010
44135	10028596
45725	10048010
45601	10048010
41218	10016256
43943	10028813
43775	10027951
41835	10019211
41271	10016256
43972	10044565
45283	10047895
43354	10022437
46263	10061428
44310	10037211
43334	10022437
44618	10041349
43922	10028813
41227	10016256
40721	10012378
42075	10020642
40387	10002942
40079	10000125
45081	10044565
45543	10048010
41854	10019211
40687	10012378
44470	10040984
41277	10016256
43307	10022437
43130	10022437
44339	10037844
46400	10035664
45800	10048010
43190	10022437
44111	10033371
45536	10048010
44495	10020765
46253	10061428
43506	10024796
45053	10044565
41782	10019133
42961	10022437
41476	10020937
41918	10019211
41810	10019133
41526	10016322
42446	10047899
42923	10022437
44022	10029412
43835	10028391
43695	10026749
40029	10000087
45734	10048010
44295	10037211
42448	10005750
41332	10016256
43457	10022998
43261	10020765
43646	10025482
45038	10044565
45192	10047340
42367	10020765
45896	10048010
44458	10040753
42701	10022437
41361	10016256
43905	10028813
40422	10003402
42466	10020937
40325	10002855
42625	10022437
40000	10003736
40264	10002368
41429	10016256
43083	10022437
46413	10022437
41145	10015137
41380	10016256
43965	10028813
44807	10041349
43696	10026749
46383	10067484
45019	10044565
44752	10041349
42792	10022437
45680	10048010
40875	10013573
42618	10022437
44215	10044565
44661	10019211
42338	10041349
42769	10022437
44966	10006784
41821	10019211
45423	10047899
46251	10061428
41677	10016338
40440	10003988
40070	10000125
44997	10044565
43706	10026749
40610	10011469
45641	10048010
40526	10041349
41203	10016256
40655	10011469
43842	10033557
40423	10003549
42408	10020765
43930	10028813
46326	10020765
40940	10013663
43444	10022998
44487	10040984
40980	10013709
45128	10044565
43303	10022437
44666	10041349
43034	10022437
44563	10041349
45179	10046735
41993	10020466
41803	10019133
42504	10022437
43219	10022437
41473	10016322
43377	10022437
43297	10022437
44977	10043882
41889	10019211
43926	10028813
43426	10054196
42426	10020765
41020	10013781
44426	10039906
41121	10014551
41582	10016322
43019	10041349
40441	10003988
44439	10039906
44122	10033371
46194	10020466
44328	10037660
41775	10019133
40918	10013663
41001	10048010
40456	10004716
43304	10022437
45415	10047899
45817	10048010
40633	10011469
42775	10022437
44674	10020765
40212	10013911
45636	10048010
44297	10037211
41551	10016322
40748	10012378
43395	10022437
41463	10020937
40061	10000125
45074	10044565
41578	10016322
40977	10013709
44332	10037660
42201	10020751
43521	10025197
42245	10022437
45640	10048010
41024	10013781
40076	10000125
44267	10037087
42827	10022437
40838	10013573
43800	10028334
42791	10022437
42670	10022437
40885	10013642
40184	10000125
45937	10048010
41390	10016256
40460	10016322
42636	10022437
45547	10048010
44976	10043882
44463	10040914
41274	10016256
41676	10016338
44641	10041349
40941	10013663
40455	10004716
41987	10020466
42669	10022437
46056	10049119
40905	10013663
45363	10047899
41850	10019211
45656	10048010
43470	10003239
44300	10037211
42333	10020765
46268	10061428
40953	10020765
42781	10022437
41664	10041349
45190	10047340
45094	10044565
43653	10025482
45645	10048010
44776	10041349
42461	10020937
40915	10013663
40462	10028347
41333	10016256
40366	10002855
40256	10001760
40316	10022437
40244	10061920
40092	10000125
42383	10020765
44042	10029898
44354	10037844
40793	10013573
41853	10019211
42673	10022437
44588	10041349
44703	10022437
42418	10020765
45975	10048010
43934	10028813
43609	10025482
44171	10019303
45620	10048010
43739	10027599
40178	10000125
43568	10025482
42642	10022437
45206	10047513
44141	10033557
40302	10002368
41423	10016256
44634	10016322
44018	10029412
44835	10042458
43622	10025482
41051	10013887
43613	10025482
43278	10022437
46030	10022437
44629	10041349
43953	10028813
44929	10013709
46171	10061428
41150	10022078
43773	10027951
43744	10027599
40224	10001488
43551	10025482
45375	10047899
44609	10022437
45431	10047899
44933	10043248
41788	10019133
42514	10021654
40413	10003402
41787	10019133
43558	10025482
42511	10061428
42672	10022437
42526	10000059
42028	10020466
44562	10041349
46006	10048010
42126	10020642
44529	10015535
40022	10000081
45722	10048010
45332	10047899
45072	10044565
44694	10024421
43996	10020642
41026	10013781
43514	10002652
41185	10038428
43948	10028813
41577	10016322
41692	10016338
43109	10022437
45118	10044565
41374	10016256
44530	10041347
41240	10016256
41829	10019211
44667	10041349
43086	10022437
